31911111111111111111911191111111111111114
2 2                 2   2              d2
2   319191g31111111 2 2 2 31119111911191b
a11gb l 2  2        2 2 5jb   2   2   282
2   2 2d2 109191914   2     2 f 2 l 2 i72
2 116 51b   2 l 2 51116 1119010101010101b
2       a11jb 2 2          2            2
a111111 2d  2 2 5111111114 2 3111111111 2
2       a111b82          2 2 2          2
2 114 316   272 31111114 2 2 2 111191111b
2   2 2   2 a101b      2 2 2 2     2de  2
a11 2 2 316 2   2 3111mb 2 2 a1114 5114 2
2   2 2 2   2 2 2 2d   2 2   2   2    2 2
2 316 2 2 116 2 2 519116 51116 2 5914 2 2
2 2   2 2     2     2          2  f 2   2
2 2 116 2 1111c1114 2 311191111011cj0111b
2 2     2     2   2   2   2       2     2
2 51111101114 2 2 a111c11 2 11911101114 2
2           2   2 2   2   2   2       2 2
a1111111111 511101b 2   31014 2 11911 2 2
2                 2 51916   2 2   2   2 2
2 11111111114 114 2   2   2 2 a11 2 11b 2
2           2   2 2 2 2 2 2 2 2   2   2 2
a19191919191c14 2 2 2 2 2 2 2 aj11c11jb 2
282 i 2 i 2 i 2 2 2 2 2 2 2h  2   2   2 2
272 2 2 2 2 2 2 2 2 2 2 2 5111011 2 11b 2
2 i 2 i 2 i 2 i 2   2   2         2  d2k2
51010101010101010111011101111111110111016